15
0 3415 2348 3683 4423 4442 3418 3765 1281 900 3966 2701 4094 3400 1851 
999 0 1529 1565 4965 4391 4627 4594 1393 1449 3477 399 2315 2342 464 
1097 391 0 1087 1701 1826 2799 1066 2529 2107 3386 4790 1408 758 3678 
572 3987 4140 0 3900 4900 251 712 3834 4113 2453 2174 4207 4842 4912 
2796 2551 1414 2297 0 4875 3365 435 2232 1489 1240 4131 563 4583 2854 
3380 2800 642 3766 1755 0 1432 4896 3434 3052 1719 3937 4025 4168 4832 
4544 1434 1763 2606 2028 2780 0 1392 3301 1159 1683 940 4278 2362 2988 
260 3873 2419 3490 1700 3893 380 0 1609 2589 499 249 1160 4146 1233 
766 1764 3520 1754 394 2167 1287 3442 0 3749 2495 3097 4216 1361 4370 
349 3844 1839 2543 256 4495 3762 4081 890 0 3442 824 3805 568 1479 
2250 1370 875 4012 3185 832 4781 1510 3763 4872 0 395 801 2345 4388 
307 3989 2622 4456 2619 2053 2118 357 2956 3617 2680 0 2455 4969 204 
906 2100 1888 1336 4200 4004 4939 2284 464 1232 2499 3623 0 3468 4691 
4643 4703 717 2702 1780 4642 4001 3288 4282 670 4881 4050 1562 0 316 
986 1432 678 3622 2502 1875 4167 3241 1189 4395 2438 1270 2605 4250 0 

