20
0 1010 2239 2559 1680 4793 484 3419 520 1851 4203 2734 3361 1655 897 817 974 3911 2014 1787 
3824 0 1203 368 550 4941 2143 4326 4434 4079 1444 474 2819 347 4219 3483 2406 685 3157 3990 
1457 2445 0 841 2465 1319 3216 3685 2853 4795 1453 3365 357 1548 2009 2818 2735 1935 3650 1569 
2013 3211 2405 0 3436 904 893 3149 766 2827 4507 3177 2040 1071 4022 4808 1777 1528 4664 3827 
3338 3211 2061 807 0 2015 1274 223 813 2649 1326 1849 2328 4448 4720 3469 2971 1262 2836 4433 
3524 1727 770 4675 2329 0 4324 4706 4493 1933 567 4899 1285 1567 1769 1385 1227 4688 4791 1553 
1749 639 315 3874 2568 1186 0 1823 2001 3068 2403 748 3632 1570 3861 4096 1909 3970 1169 3166 
1571 1500 4977 1632 3095 3824 872 0 391 3697 1498 2493 3443 3933 2645 1442 1454 2877 3232 3125 
2658 1141 3005 3282 2219 3026 1238 3027 0 3335 3608 4283 2405 2410 2854 454 4232 2223 2440 1888 
611 2664 921 2204 2305 3094 787 3201 2348 0 1716 1141 2789 1828 1454 1231 1140 1468 3695 1453 
1872 4946 3928 3422 530 2729 652 544 2991 2917 0 4648 3177 4471 2722 4496 4564 1846 4784 4132 
2983 1533 3759 594 4285 3643 772 4422 1236 3972 3701 0 2684 4405 3892 231 2421 636 3565 1137 
3655 4995 507 4060 4495 495 2841 3193 3651 3350 2061 3487 0 930 3852 3758 2432 3788 1097 774 
2919 622 2808 2642 4049 3861 1502 2790 229 2788 2085 2797 2128 0 1121 1605 846 961 3305 3406 
3755 2494 3844 3924 2627 1698 2515 3383 3191 3508 2726 4813 2346 1764 0 1322 4719 2625 4452 3455 
925 3978 2208 1448 1615 4856 1308 604 473 4812 2281 2105 2553 3856 1156 0 984 4672 4094 1419 
2107 1883 2429 2845 739 638 843 4172 1023 4268 4662 833 3518 3556 3268 4205 0 4677 811 4338 
4328 3772 3059 3609 2536 4291 357 1325 1759 2371 4496 2720 4848 799 1709 2468 2064 0 4808 2190 
2509 2486 1840 2659 2324 3774 4950 3049 2040 3232 4032 2672 2494 4871 4935 903 2842 4305 0 1420 
454 870 2914 2696 1591 4175 4453 3521 3105 3087 2208 281 3891 2324 2995 769 906 2112 1453 0 

