30
0 996 1853 4656 3097 783 2490 2535 4870 3350 4147 3771 3431 1570 1489 695 1420 1051 4381 1613 4072 4155 3114 2483 2316 1214 2979 3687 2107 309 
2605 0 1684 745 4922 3000 2637 3029 3646 3879 374 4480 1470 1817 3265 4424 4501 3732 2582 4390 3050 3406 2124 577 3657 2135 3668 3692 4432 3110 
2230 4419 0 1728 2430 307 1373 1011 4988 4680 1390 1260 4032 3092 3068 4426 4278 3601 4156 3735 1088 4414 3337 3325 3906 2269 1600 1368 329 4120 
4026 1767 1112 0 511 3687 4955 2385 1644 4355 338 253 3592 3640 2781 3832 2470 208 4349 2236 4813 1813 2413 3656 3155 2568 3545 3820 4004 3962 
4908 1076 3426 3978 0 1287 2734 3495 1147 1357 2586 4965 3952 1947 3054 3375 1927 853 4739 4368 976 3548 991 2393 2345 3739 992 2169 1335 4161 
4929 3524 3075 2825 2892 0 1558 1134 4212 540 2961 4178 2777 4366 2881 3383 1746 2564 4705 303 3608 789 1911 2575 2857 2132 3610 4106 1637 828 
340 3435 953 4661 4322 303 0 1074 4485 3096 636 2547 3734 481 706 1154 1247 3300 4589 3772 4338 1219 580 425 1570 1277 4961 1770 399 4019 
2509 719 2384 3784 2743 1733 1467 0 289 2193 2604 4948 1100 1032 4487 3215 2173 4446 397 2499 3891 3237 668 1518 1081 3290 3661 3231 392 1947 
2274 2628 1289 2694 4764 3600 3129 2672 0 4522 3144 2534 447 1019 4651 3606 4965 1140 1852 3910 3961 1598 2605 1104 2291 630 2986 358 836 1352 
2111 1658 1808 3734 742 2816 2249 1617 2673 0 203 2601 2731 1296 4052 3532 4515 2560 2778 4327 2943 4817 3747 233 2840 1873 544 2796 3535 4250 
302 2968 3165 4405 953 4373 3593 490 1467 3370 0 4402 1958 4322 1719 3980 3654 528 1739 1768 454 1788 2723 2859 1665 2229 3712 2528 2980 2887 
4963 4330 3507 310 2920 722 2999 1127 1469 2943 2115 0 2655 765 1923 4066 3298 1517 4497 4448 3069 4369 4109 2929 2144 1964 1148 2369 1699 4627 
3547 2584 4777 877 2635 1001 4706 4745 3241 440 3690 1628 0 636 3239 1679 1686 520 2139 4144 3615 1279 2959 2176 3507 2263 1653 4138 1943 759 
4228 2383 4278 2378 3363 2090 2205 3126 3824 1749 2960 1447 4525 0 2468 4231 3269 903 3631 1672 4548 709 4590 4898 3673 4106 3964 3843 2698 4678 
4222 951 1182 255 3037 1789 3828 1912 4079 3976 1008 891 3763 2127 0 3920 4872 4795 3345 2524 2202 2980 2217 444 2642 2817 1801 2404 2691 342 
4374 2602 4953 1920 3040 4855 2790 1074 1276 4828 3978 2522 3200 2044 1663 0 546 347 3751 3775 3922 1294 3912 2514 2386 4619 244 1975 2381 3432 
4706 2478 4658 4352 4730 2592 4436 4711 646 4460 2737 3399 1221 1104 1808 924 0 2974 4591 3331 1096 4082 1220 908 1939 1738 4452 4956 4611 3567 
361 1207 4500 2777 449 3507 2261 4415 4881 350 4383 1101 2247 1215 4274 2612 699 0 1333 1581 1883 577 765 4778 1203 2701 1039 1268 3368 4547 
359 2982 563 1435 4641 1441 1484 1070 4093 2537 1341 2527 2243 3484 3986 3560 1152 657 0 1005 4480 2414 3849 2998 3430 2609 1748 2607 1741 1470 
4420 1701 2084 2646 1862 2370 577 2608 3938 704 553 2613 1679 1464 4478 229 1587 3416 4870 0 4887 1143 2355 3988 4637 4036 819 853 4998 3484 
2665 953 4797 2263 4613 4411 974 2616 3489 3983 4425 4587 1911 424 1535 1949 2356 1827 2217 952 0 1444 3091 4009 1850 3596 3305 2664 3953 4630 
4480 414 1749 679 4483 4655 385 909 3772 2483 3088 4564 2809 3470 1680 3703 1373 4862 4454 3060 3840 0 2804 3070 3384 4164 2585 2348 4602 1333 
2609 4516 484 2524 925 2962 3371 2913 3386 919 3712 2650 4583 2017 2782 4660 229 550 964 1724 1175 2365 0 4349 4555 2024 4313 3994 716 1035 
482 1922 1899 1950 1202 3616 3996 2664 4329 2554 3013 3201 2413 3746 1033 1041 1985 2181 4338 4464 2305 3872 2298 0 2925 2295 2387 886 3370 2846 
4750 352 1509 1457 4328 3967 1233 4206 334 1333 3362 556 4440 3301 1192 4630 4855 4095 3923 451 523 1065 533 1267 0 849 2763 2149 4585 442 
4343 1375 2528 2710 1716 4040 2923 2799 3942 688 876 3699 3931 2928 4976 3208 2100 1107 1318 2244 750 1297 3322 885 4236 0 3574 4755 3098 4451 
2274 2149 885 833 4009 627 248 1403 4954 4069 2140 1426 3869 3201 4113 3841 3574 1225 4880 1446 1510 2481 460 266 4080 4540 0 1094 2063 4089 
4722 2880 2613 2121 3456 4233 4745 4078 684 3447 2730 1215 3699 1395 4665 3454 4544 4910 2141 1239 1867 1714 1007 2053 1485 2963 2761 0 4052 4123 
452 1702 4097 1126 4486 4982 317 4686 3002 833 4816 3038 3032 1909 411 1000 1720 1742 2934 4414 846 352 4023 3914 2931 3652 4052 3211 0 4382 
349 1120 3117 4849 2054 3377 3267 1903 2074 1379 1955 2316 4447 4661 2654 4317 1423 3088 2522 1455 4869 552 4174 3251 3777 4155 4762 919 4760 0 

